  11 63 63 11
! 12 63 63 12
" 18 63 63 18
# 27 63 63 27
$ 27 69 63 27
% 27 65 63 27
& 33 64 63 33
' 10 63 63 10
( 13 69 63 13
) 13 69 63 13
* 20 63 63 20
+ 27 63 63 27
, 11 69 63 11
- 21 63 63 21
. 11 63 63 11
/ 20 64 63 20
0 27 64 63 27
1 27 63 63 27
2 27 63 63 27
3 27 64 63 27
4 27 63 63 27
5 27 64 63 27
6 27 64 63 27
7 27 64 63 27
8 27 64 63 27
9 27 64 63 27
: 11 63 63 11
; 12 69 63 12
< 27 63 63 27
= 27 63 63 27
> 27 63 63 27
? 21 63 63 21
@ 47 73 63 47
A 29 63 63 29
B 30 63 63 30
C 26 64 63 26
D 31 63 63 31
E 27 63 63 27
F 25 63 63 25
G 30 64 63 30
H 32 63 63 32
I 12 63 63 12
J 14 67 63 14
K 27 63 63 27
L 23 63 63 23
M 40 63 63 40
N 33 63 63 33
O 32 64 63 32
P 28 63 63 28
Q 32 71 63 32
R 30 63 63 30
S 26 64 63 26
T 25 63 63 25
U 31 64 63 31
V 28 63 63 28
W 43 63 63 43
X 27 63 63 27
Y 26 63 63 26
Z 26 64 63 26
[ 16 69 63 16
\ 21 64 63 21
] 16 69 63 16
^ 27 63 63 27
_ 30 71 63 30
` 12 63 63 12
a 24 64 63 24
b 25 64 63 25
c 21 64 63 21
d 26 64 63 26
e 24 64 63 24
f 16 63 63 16
g 25 75 63 25
h 26 63 63 26
i 11 63 63 11
j 14 74 63 14
k 23 63 63 23
l 11 63 63 11
m 40 63 63 40
n 26 63 63 26
o 25 64 63 25
p 25 74 63 25
q 25 74 63 25
r 17 63 63 17
s 22 64 63 22
t 17 64 63 17
u 26 64 63 26
v 23 63 63 23
w 37 63 63 37
x 22 63 63 22
y 23 74 63 23
z 22 63 63 22
{ 17 70 63 17
| 11 74 63 11
} 17 70 63 17
~ 27 63 63 27